CACHE type 5 produced by analog 6.0/Unix. Do not modify or delete!
T	0	0	181	0	36	77	2621564
D	28758022	28776480
19970	244	6	0	409601
19970	263	1	0	64
19970	265	5	0	435
19970	266	15	0	1324046
19970	267	1	0	64
19970	268	1	0	1772
19970	270	8	0	59268
19971	2	2	0	3545
19971	5	7	0	661134
19971	11	1	0	64
19971	48	1	0	64
19971	82	1	0	0
19971	83	1	0	64
19971	119	1	0	64
19971	155	1	0	64
19971	157	4	0	53953
19971	164	6	0	10640
19971	191	1	0	64
19971	227	1	0	64
19971	246	4	0	53949
19971	263	1	0	64
19972	0	3	0	5326
19972	1	6	0	11229
19972	11	1	0	64
19972	43	1	0	1772
19972	47	1	0	64
19972	83	1	0	64
19972	119	1	0	64
19972	155	1	0	64
19972	191	1	0	64
19972	227	1	0	64
19972	264	1	0	64
19973	12	1	0	64
19973	16	2	0	4563
19973	47	1	0	64
19973	83	1	0	64
19973	119	1	0	64
19973	155	1	0	64
19973	192	1	0	64
19973	227	1	0	64
19973	263	1	0	64
19974	11	1	0	64
19974	48	1	0	64
19974	84	1	0	64
19974	120	1	0	64
19974	156	1	0	64
19974	191	1	0	64
19974	227	1	0	64
19974	264	1	0	64
19975	12	1	0	64
19975	33	2	0	4557
19975	47	1	0	64
19975	83	1	0	64
19975	119	1	0	64
19975	155	1	0	64
19975	192	1	0	64
19975	227	1	0	64
19975	263	1	0	64
19976	11	1	0	64
19976	47	1	0	64
19976	83	1	0	64
19976	119	1	0	64
19976	155	1	0	64
19976	190	1	0	64
19976	225	1	0	64
19976	264	1	0	64
19977	11	1	0	64
19977	47	1	0	64
19977	83	1	0	64
19977	119	1	0	64
19977	155	1	0	64
19977	191	1	0	64
19977	227	1	0	64
19977	263	1	0	64
19978	11	1	0	64
19978	47	1	0	64
19978	83	1	0	64
19978	119	1	0	64
19978	155	1	0	64
19978	191	1	0	64
19978	227	1	0	64
19978	263	1	0	64
19979	11	1	0	64
19979	34	2	0	4558
19979	47	1	0	64
19979	83	1	0	64
19979	119	1	0	64
19979	155	1	0	64
19979	191	1	0	64
19979	228	1	0	64
19979	263	1	0	64
19980	11	1	0	64
19980	47	1	0	64
19980	83	1	0	64
19980	119	1	0	64
19980	155	1	0	64
19980	191	1	0	64
19980	227	1	0	64
19980	263	1	0	64
19981	11	1	0	64
19981	23	2	0	4560
19981	47	1	0	64
19981	83	1	0	64
19981	120	1	0	64
19981	155	1	0	64
19981	191	1	0	64
19981	227	1	0	64
19981	263	1	0	64
19982	11	1	0	64
19982	47	1	0	64
19982	83	1	0	64
19982	119	1	0	64
19982	155	1	0	64
19982	191	1	0	64
19982	227	1	0	64
19982	263	1	0	64
19983	11	1	0	64
19983	47	1	0	64
19983	83	1	0	64
19983	120	1	0	64
19983	155	1	0	64
19983	192	1	0	64
1	1	0	0	0	28759555	0	0	28759555	0	0	64	/.well-known/acme-challenge/V6WM_USVLJEW0YHI56PNQTMBB7TCL5LU
1	1	0	0	0	28767296	0	0	28767296	0	0	64	/.well-known/acme-challenge/FB2H1E9W4SZPE9MYQ-JOCIR8VC8B8KCT
1	0	0	0	1	0	0	28758129	0	0	28758129	0	/debug/default/view?panel=config
1	1	0	0	0	28760278	0	0	28760278	0	0	64	/.well-known/acme-challenge/LMGJH_V2PUHZYKA7PXM_N_LD3O1Z1LD8
1	1	0	0	0	28768015	0	0	28768015	0	0	64	/.well-known/acme-challenge/S0MWXEZ1E-CRDN3DRXAJGFDSKY4KKRYY
1	0	0	0	3	0	0	28759061	0	0	28759061	0	/login/test/wp-includes/wlwmanifest.xml
1	1	0	0	0	28773597	0	0	28773597	0	0	64	/.well-known/acme-challenge/BD-N_4H_DKAFUYJJMB4C0D1VJQ5OC_PC
1	1	0	0	0	28762800	0	0	28762800	0	0	64	/.well-known/acme-challenge/6YG0P_71SDAYD_LUGXE7IFH4K1PNW6EC
1	1	0	0	0	28768559	0	0	28768559	0	0	64	/.well-known/acme-challenge/XUSJ1Q3WAJG-DCPWR85OXXIXDK7MTJR0
1	1	0	0	0	28767836	0	0	28767836	0	0	64	/.well-known/acme-challenge/9EDH3_77UBKPPPFBHWQU8080AXKYTNXD
1	0	0	0	3	0	0	28759061	0	0	28759061	0	/login/wordpress/wp-includes/wlwmanifest.xml
1	1	0	0	0	28774316	0	0	28774316	0	0	64	/.well-known/acme-challenge/EOJ5D41NGCTF38HYNC_-FU9EP6JN_M1Q
1	1	0	0	0	28773419	0	0	28773419	0	0	64	/.well-known/acme-challenge/SKFAMPHFBKEZG5T81SURFGF4Z6G1EGK-
1	0	0	0	3	0	0	28759061	0	0	28759061	0	/login/news/wp-includes/wlwmanifest.xml
1	1	0	0	0	28768378	0	0	28768378	0	0	64	/.well-known/acme-challenge/274SPLL6ERBV64QWLOJ5K7LCF2UZAUAM
1	1	0	0	0	28766568	0	0	28766568	0	0	64	/.well-known/acme-challenge/HAC-B6I32PKRYDIA5JIKFEDLBFU1PBJJ
1	1	0	0	0	28759918	0	0	28759918	0	0	64	/.well-known/acme-challenge/LN3Z_VSBZJMLV1KO9FKHATY2M8CD8R41
1	1	0	0	0	28763699	0	0	28763699	0	0	64	/.well-known/acme-challenge/CL-RXDV5_R5_1A13HZW0_4OSRW6R68L1
1	4	0	0	0	28758266	0	0	28758024	0	0	72112	/fonts/vendor/bootstrap3/dist/glyphicons-halflings-regular.woff2?be810be3a3e14c682a257d6eff341fe4
1	3	0	0	0	28758266	0	0	28758131	0	0	160308	/css/admin.css?v2.2.37
1	1	0	0	0	28773240	0	0	28773240	0	0	64	/.well-known/acme-challenge/TKETPDCQUED281U5X4BDQQ-1ERXK3BF4
1	1	0	0	0	28758297	0	0	28758297	0	0	64	/.well-known/acme-challenge/Q0B2SIZXMYWLPIYVJFNI2YKN8E03HK_T
1	1	0	0	0	28762437	0	0	28762437	0	0	64	/.well-known/acme-challenge/RHUE_1LLVKZUO5L-74P_K_3ZETXLQQLX?152.42.252.250
1	1	0	0	0	28758024	0	0	28758024	0	0	53436	/css/admin.css?v2.2.32
1	1	0	0	0	28759377	0	0	28759377	0	0	64	/.well-known/acme-challenge/OUT_-6NQMKQAF0M-QWSCN39F34GUD2DY
1	0	0	0	3	0	0	28767925	0	0	28758130	0	/.env
1	1	0	0	0	28762080	0	0	28762080	0	0	64	/.well-known/acme-challenge/5GSYTPILJH0DVXECWFG-0O7N2LDPUIEW
1	1	0	0	0	28767476	0	0	28767476	0	0	64	/.well-known/acme-challenge/_D75X3DVESA1IX4X5L9VIAR9GUNG8RLF
1	0	0	0	3	0	0	28759061	0	0	28759061	0	/login/2018/wp-includes/wlwmanifest.xml
1	1	0	0	0	28762617	0	0	28762617	0	0	64	/.well-known/acme-challenge/MPHN2S4YNXOT3964_QKIPNC_P3OFL72G
1	1	0	0	0	28764597	0	0	28764597	0	0	64	/.well-known/acme-challenge/_KD-SJ1RE0ERWIOVF9G3S_DZHMTF_8BE
1	1	0	0	0	28770538	0	0	28770538	0	0	64	/.well-known/acme-challenge/G5V5WSIMV9BKT74CZHXHKVANFOWF3T9X
1	1	0	0	0	28767118	0	0	28767118	0	0	64	/.well-known/acme-challenge/61Z7CXEZNDYR8OCX6GBK1O7E-WMRCNSQ
1	3	0	0	0	28758266	0	0	28758131	0	0	997863	/js/admin.js?v2.2.37
1	0	0	0	1	0	0	28758130	0	0	28758130	0	/config.json
1	3	0	0	0	28758266	0	0	28758131	0	0	757305	/images/favicon/android-chrome-512x512.png?v2.2.37
1	1	0	0	0	28772697	0	0	28772697	0	0	64	/.well-known/acme-challenge/BDT1C1HQCXJ48-TC36E2SKAQASNGN01G
1	1	0	0	0	28771256	0	0	28771256	0	0	64	/.well-known/acme-challenge/ZMNTIAWC-4R-_YU7L1OY2KFB4KOI6JB_
1	0	0	0	1	0	0	28758129	0	0	28758129	0	/about
1	1	0	0	0	28771976	0	0	28771976	0	0	64	/.well-known/acme-challenge/10M4FL_O32F5D7I17VVMRPLTW6J2O21_
1	1	0	0	0	28758024	0	0	28758024	0	0	332511	/js/admin.js?v2.2.32
1	1	0	0	0	28768197	0	0	28768197	0	0	64	/.well-known/acme-challenge/9BQ636C0ME51YYT97NQRTHTIUADE73K8?152.42.252.250
1	1	0	0	0	28762258	0	0	28762258	0	0	64	/.well-known/acme-challenge/FET9_OPN-QJT5Q1-NS5ZD3PWGTXTB6FR
1	0	0	1	0	0	28759472	0	0	28759472	0	0	/?152.42.252.250
1	1	0	0	0	28763340	0	0	28763340	0	0	64	/.well-known/acme-challenge/8PL29OWP32EXRWWD5NDV83E-VCGQNWZA
1	1	0	0	0	28776480	0	0	28776480	0	0	64	/.well-known/acme-challenge/71TNS4F-U-OHH9R629FFMXXO2-0XYOAB
1	31	0	0	0	28772756	0	0	28758024	0	0	54983	/login
1	0	0	0	3	0	0	28759061	0	0	28759061	0	/login/wp/wp-includes/wlwmanifest.xml
1	0	0	0	1	0	0	28758738	0	0	28758738	0	/wp-admin/setup-config.php?step=1
1	1	0	0	0	28769816	0	0	28769816	0	0	64	/.well-known/acme-challenge/2312JS-Y83GYSNK8H191FKHXH-MT1YXI
1	0	0	0	1	0	0	28758129	0	0	28758129	0	/.vscode/sftp.json
1	1	0	0	0	28763880	0	0	28763880	0	0	64	/.well-known/acme-challenge/ERBBH8MC8IAEFBXR72VE8JWW-G49JT7H?152.42.252.250
1	1	0	0	0	28772338	0	0	28772338	0	0	64	/.well-known/acme-challenge/FL53RGHTOTYTTG1X7KI_UCK8NOH7-5W8
1	1	0	0	0	28775396	0	0	28775396	0	0	64	/.well-known/acme-challenge/5KUWH9PPJJPVBUD97IAG-UWY764FR-QP?152.42.252.250
1	1	0	0	0	28774858	0	0	28774858	0	0	64	/.well-known/acme-challenge/0R5YE_W_LE98HRM1M45I9EVSJFHI7WY1
1	0	0	0	1	0	0	28758129	0	0	28758129	0	/ecp/Current/exporttool/microsoft.exchange.ediscovery.exporttool.application
1	5	0	0	0	28758129	0	0	28758129	0	0	435	/.well-known/acme-challenge/XtttTtk0dWgj91lB7RSkjoDFd1oYOmJi2ySy4KesuiA
1	6	0	0	0	28759685	0	0	28758150	0	0	5742	/images/favicon/favicon-16x16.png
1	0	0	0	3	0	0	28759061	0	0	28759061	0	/login/shop/wp-includes/wlwmanifest.xml
1	0	0	0	1	0	0	28758129	0	0	28758129	0	/server
1	1	0	0	0	28764238	0	0	28764238	0	0	64	/.well-known/acme-challenge/KB0RBDKT5MB1P7NTR5F6TYV-QADZN666
1	0	0	0	3	0	0	28759061	0	0	28759061	0	/login/wp2/wp-includes/wlwmanifest.xml
1	1	0	0	0	28764061	0	0	28764061	0	0	64	/.well-known/acme-challenge/TJNWHI23F764OEZTEBC6L-W085BN4151
1	1	0	0	0	28771438	0	0	28771438	0	0	64	/.well-known/acme-challenge/ALZ2E_1J659IZEW-FOX_V0U6XU2K9CH5
1	1	0	0	0	28761180	0	0	28761180	0	0	64	/.well-known/acme-challenge/Q2E9E6LXPPI8RHPHL48-6615CKZZ2EJH
1	1	0	0	0	28760458	0	0	28760458	0	0	64	/.well-known/acme-challenge/5CKCNJ5IVBNXMNHEYF4A5B8MNAF18ZEK
1	1	0	0	0	28774677	0	0	28774677	0	0	64	/.well-known/acme-challenge/WS8RTYSQOAUXJESE_I-U05NOUXPZ0TJX
1	1	0	0	0	28770178	0	0	28770178	0	0	64	/.well-known/acme-challenge/_MKEXR5EYDJKYLV_C585YYS6G_QUZB5P
1	1	0	0	0	28769996	0	0	28769996	0	0	64	/.well-known/acme-challenge/NEF_1R3RXX3QOBZADBV2A9N4OB-2CD3P
1	1	0	0	0	28764419	0	0	28764419	0	0	64	/.well-known/acme-challenge/JY8MZHOLUUFNO6_IZKN90QK06HHE1ODS
1	0	0	0	3	0	0	28759061	0	0	28759061	0	/login/media/wp-includes/wlwmanifest.xml
1	1	0	0	0	28772156	0	0	28772156	0	0	64	/.well-known/acme-challenge/75J67QFETD29LJCFZHGO0FT0FT5E45OJ
1	0	0	0	1	0	0	28758130	0	0	28758130	0	/.git/config
1	1	0	0	0	28759738	0	0	28759738	0	0	64	/.well-known/acme-challenge/9Q4PYDCVYR86L4HOXJ9FDKTZ8PYLL_ZS
1	1	0	0	0	28765497	0	0	28765497	0	0	64	/.well-known/acme-challenge/GTU872_KY5A1QCOS6GZZV5-HHZJ3I27X
1	1	0	0	0	28766939	0	0	28766939	0	0	64	/.well-known/acme-challenge/CNVD37S2KRVFDSW0Z6T5B5SSG-KM_DW5
1	1	0	0	0	28770718	0	0	28770718	0	0	64	/.well-known/acme-challenge/CQ15-HS1GI31WLH0RSQD1TFRUSHE5OT2
1	1	0	0	0	28760098	0	0	28760098	0	0	64	/.well-known/acme-challenge/-MQG-79CU9QYYFXUBG3SQA87F3RKQ_IC
1	0	0	0	3	0	0	28759061	0	0	28759061	0	/login/website/wp-includes/wlwmanifest.xml
1	1	0	0	0	28774136	0	0	28774136	0	0	64	/.well-known/acme-challenge/-NQ2R8U5DQPXCLT01Z6ARQ07T5HFLN0D
1	1	0	0	0	28775217	0	0	28775217	0	0	64	/.well-known/acme-challenge/ZMRQD46ZG-DCTK04AB-OLUZ1O9N11DN8
1	0	0	1	0	0	28758130	0	0	28758130	0	0	/?rest_route=/wp/v2/users/
1	1	0	0	0	28764778	0	0	28764778	0	0	64	/.well-known/acme-challenge/5IFBGKSTIA2Z3UEIR1TA06AVZWGQV8KJ
1	0	0	0	1	0	0	28758130	0	0	28758130	0	/_all_dbs
1	1	0	0	0	28761538	0	0	28761538	0	0	64	/.well-known/acme-challenge/E9JVRPV58JL0P9VUHS84F3UH5O9FCK2J
1	1	0	0	0	28775758	0	0	28775758	0	0	64	/.well-known/acme-challenge/T-OSGGRY5U3PA9_H7V877WJFG8GYV4OJ
1	1	0	0	0	28758116	0	0	28758116	0	0	64	/.well-known/acme-challenge/BC_KYLCY-SRWH-Q5090OEPW00BH5M3L9
1	1	0	0	0	28769637	0	0	28769637	0	0	64	/.well-known/acme-challenge/N6G91IE6O8F1QM69RW__-4PTK03ALHGJ?152.42.252.250
1	0	0	0	1	0	0	28758130	0	0	28758130	0	/s/33e27393e2431313e2838313/_/
1	0	0	0	1	0	0	28758129	0	0	28758129	0	/v2/_catalog
1	2	0	0	1	28758650	0	28758022	28758150	0	28758022	0	/favicon.ico
1	1	0	0	0	28769457	0	0	28769457	0	0	64	/.well-known/acme-challenge/07APW3ST6C9IO0OSPA6RTQC05RDZ_9AB
1	1	0	0	0	28765317	0	0	28765317	0	0	64	/.well-known/acme-challenge/4GUY9-USUZM6DY8KYXYJZMAPQR1YYZXY?152.42.252.250
1	1	0	0	0	28766039	0	0	28766039	0	0	64	/.well-known/acme-challenge/9M3PXQGVJ4PEP825UFG_C2FCR0I4GGP7
1	1	0	0	0	28766761	0	0	28766761	0	0	64	/.well-known/acme-challenge/B6LN33E2AU1Q4QP1HTO0GG72Q6XTCDPB?152.42.252.250
1	1	0	0	0	28768738	0	0	28768738	0	0	64	/.well-known/acme-challenge/7FOWTXZMXAAZEXYGFSTNMMOWPN0ZKVGH
1	1	0	0	0	28769098	0	0	28769098	0	0	64	/.well-known/acme-challenge/847KNOJ2VEO32-ZUFX4XVICKXNAYNKXE
1	1	0	0	0	28758838	0	0	28758838	0	0	64	/.well-known/acme-challenge/MZSNGFCJG41Y6BAO4LLSNS8_9XPAWKDI
1	1	0	0	0	28762980	0	0	28762980	0	0	64	/.well-known/acme-challenge/3IZHR0O_U6GP_0DWYZFM32X9ST05RVSY
1	1	0	0	0	28765858	0	0	28765858	0	0	64	/.well-known/acme-challenge/8MQ7O61HR_6E46SLHVPVJQ_Q6D_RLGJ7
1	1	0	0	0	28776298	0	0	28776298	0	0	64	/.well-known/acme-challenge/KD1PW056OHBP7922XVYTC8ARG04A7ZVJ
1	1	0	0	0	28760639	0	0	28760639	0	0	64	/.well-known/acme-challenge/QUMA3H1M0XMGG9639PX6H0MTM1MX8I6A
1	1	0	0	0	28767656	0	0	28767656	0	0	64	/.well-known/acme-challenge/1-4FOPN3SBIHK2-ZFOWXZ4PPORCPGP5I
1	3	0	0	0	28758266	0	0	28758131	0	0	3201	/css/admin2.css?v2.2.37
1	1	0	0	0	28775036	0	0	28775036	0	0	64	/.well-known/acme-challenge/XFUSEPN199C87JJWRXLUY2-8OMSUMJ6K
1	0	0	0	3	0	0	28759061	0	0	28759061	0	/login/web/wp-includes/wlwmanifest.xml
1	1	0	0	0	28758024	0	0	28758024	0	0	1067	/css/admin2.css?v2.2.32
1	1	0	0	0	28760819	0	0	28760819	0	0	64	/.well-known/acme-challenge/NME758K53D43U2H6OTBQ8L69ZW5EJPTF
1	1	0	0	0	28758136	0	0	28758136	0	0	64	/.well-known/acme-challenge/B7R1ZZEO5CF23L02_IS-0LDEEU8T3EFW
1	1	0	0	0	28763519	0	0	28763519	0	0	64	/.well-known/acme-challenge/KVOG2ZBU5X3_PZJ7SN9AIRO1BZP4RD0C
1	0	0	0	3	0	0	28759061	0	0	28759061	0	/login/wp1/wp-includes/wlwmanifest.xml
1	0	0	0	3	0	0	28759061	0	0	28759061	0	/login/site/wp-includes/wlwmanifest.xml
1	1	0	0	0	28761358	0	0	28761358	0	0	64	/.well-known/acme-challenge/SJ7BZL99487TJ_NX8J8M8HZNR1KR6DQO
1	1	0	0	0	28765138	0	0	28765138	0	0	64	/.well-known/acme-challenge/1IS6EGEXVBYGD1MI2-66QQC0MS0NWQQ_
1	0	0	0	1	0	0	28758130	0	0	28758130	0	/login.action
1	0	0	0	3	0	0	28759061	0	0	28759061	0	/login/blog/wp-includes/wlwmanifest.xml
1	1	0	0	0	28773956	0	0	28773956	0	0	64	/.well-known/acme-challenge/8K8DVVPAA2J-X46HZWO8AUNOP1TWB992?152.42.252.250
1	1	0	0	0	28759018	0	0	28759018	0	0	64	/.well-known/acme-challenge/58G1OBOR5Q_5JEGIP65L2E_PAMC4WBY0
1	1	0	0	0	28761719	0	0	28761719	0	0	64	/.well-known/acme-challenge/F00ASRJY7NDEWO6MVO03G8QEERIZEB0E
1	1	0	0	0	28772518	0	0	28772518	0	0	64	/.well-known/acme-challenge/CAES13MD_23I37JM6DOI4J-2-UGGE51V?152.42.252.250
1	0	0	0	3	0	0	28759061	0	0	28759061	0	/login/2019/wp-includes/wlwmanifest.xml
1	0	0	0	3	0	0	28759061	0	0	28759061	0	/login/cms/wp-includes/wlwmanifest.xml
1	1	0	0	0	28764963	0	0	28764963	0	0	64	/.well-known/acme-challenge/YKLIIE36KD6UTY0U8GDVCTJ7OCJWTFO2
1	0	0	34	3	0	28772756	28767925	0	28758129	28758022	0	/
1	0	0	0	1	0	0	28758130	0	0	28758130	0	/server-status
1	1	0	0	0	28758480	0	0	28758480	0	0	64	/.well-known/acme-challenge/7Y57A_5PI_CVFW3KAPFS80E1S30SZ6AH
1	0	0	0	1	0	0	28758738	0	0	28758738	0	/wordpress/wp-admin/setup-config.php?step=1
1	1	0	0	0	28768917	0	0	28768917	0	0	64	/.well-known/acme-challenge/IS46OOVD--_OROOU77-ZSWC5RAQ38Y92
1	1	0	0	0	28771078	0	0	28771078	0	0	64	/.well-known/acme-challenge/YODCKVX0-4G6LSWOB3TGZDL5LCLDVNNH?152.42.252.250
1	0	0	0	3	0	0	28759061	0	0	28759061	0	/login/xmlrpc.php?rsd
1	1	0	0	0	28761898	0	0	28761898	0	0	64	/.well-known/acme-challenge/T1SMOXCPWQTZ70ECXO-GJI1U1X93ZFHO
1	1	0	0	0	28763161	0	0	28763161	0	0	64	/.well-known/acme-challenge/1R84SDKOAQPIAUQBHQQDZJ6-GSQPNM6W
1	1	0	0	0	28771797	0	0	28771797	0	0	64	/.well-known/acme-challenge/IA44_DNOWXJE6AXV-N2I9QRF-X8N4A4B
1	0	0	0	1	0	0	28758130	0	0	28758130	0	/.DS_Store
1	1	0	0	0	28776120	0	0	28776120	0	0	64	/.well-known/acme-challenge/G52J5PZE54ZU829N4BATSVQOUHJZ-2U2
1	1	0	0	0	28773058	0	0	28773058	0	0	64	/.well-known/acme-challenge/_B79JH_8AQ7NOP67PRBH2HJ0HZ6H-D6T
1	1	0	0	0	28772876	0	0	28772876	0	0	64	/.well-known/acme-challenge/0KXX_7WOR1ITQIW8VE6WGSZKJIF2M3W6
1	1	0	0	0	28775577	0	0	28775577	0	0	64	/.well-known/acme-challenge/6BT2_OH6XA9E9L-5IUBYPDU58FFH2JR5
1	1	0	0	0	28766390	0	0	28766390	0	0	64	/.well-known/acme-challenge/9-E9R81FNEL_9QPTQZLRH8CIHEDDYWGZ
1	1	0	0	0	28773777	0	0	28773777	0	0	64	/.well-known/acme-challenge/Z0898_QAS38XHVOLSS-JZ5RMJ1OXFAH-
1	1	0	0	0	28774496	0	0	28774496	0	0	64	/.well-known/acme-challenge/JVA9OUGD-86C06_LB6GM8ZS9T3TCFR2Z
1	11	0	0	0	28772756	0	0	28758024	0	0	30646	/images/favicon/favicon-32x32.png
1	1	0	0	0	28770904	0	0	28770904	0	0	64	/.well-known/acme-challenge/YMPURSMCXF9GCKWODZZGWWU3GI3X9ULM
1	0	0	0	1	0	0	28758130	0	0	28758130	0	/telescope/requests
1	1	0	0	0	28765678	0	0	28765678	0	0	64	/.well-known/acme-challenge/DJ3WWGM9K7IY22L3-CWWSW4CKUF47OGT
1	1	0	0	0	28761000	0	0	28761000	0	0	64	/.well-known/acme-challenge/FDX6HBF_410-MLMCZIMXM782V9E0M80N?152.42.252.250
1	1	0	0	0	28766219	0	0	28766219	0	0	64	/.well-known/acme-challenge/75_R7GMFPR9IVF4XCG81YZ7YJ452YX4R
1	1	0	0	0	28759198	0	0	28759198	0	0	64	/.well-known/acme-challenge/KENYXIP02LVW2FPWGEAAMRX8_KV8YC4S
1	1	0	0	0	28771617	0	0	28771617	0	0	64	/.well-known/acme-challenge/-NL28JXIY3G_V7T80P9LXR62C5M7-QA1
1	0	0	0	3	0	0	28759061	0	0	28759061	0	/login/sito/wp-includes/wlwmanifest.xml
1	1	0	0	0	28769277	0	0	28769277	0	0	64	/.well-known/acme-challenge/T4QMI-QQW2GCQUXWSQ7DHA8Z2L62ODLZ
1	1	0	0	0	28758658	0	0	28758658	0	0	64	/.well-known/acme-challenge/SVSWPTTBNL0D5CQKSGN4NHV278S_M-ZI
1	1	0	0	0	28770357	0	0	28770357	0	0	64	/.well-known/acme-challenge/C8FFY1CCJGBWORM220S-4ICSZ_ZECCRA
1	1	0	0	0	28775939	0	0	28775939	0	0	64	/.well-known/acme-challenge/J4ESMY241ZEXRGNA4A5HE_X3DGPIHZCA
1	3	0	0	0	28759472	0	0	28758150	0	0	145299	/images/favicon/apple-touch-icon.png
1	0	0	0	3	0	0	28759061	0	0	28759061	0	/login/wp-includes/wlwmanifest.xml
3	1	0	0	0	28758024	0	0	28758024	0	0	18028	http://democea.ttdat.id.vn/css/admin.css?v2.2.32
3	20	0	0	0	28772756	0	0	28758024	0	0	2319621	http://democea.ttdat.id.vn/login
3	8	0	0	1	28772756	0	28758022	28758131	0	28758022	14189	http://democea.ttdat.id.vn/
3	3	0	0	0	28758266	0	0	28758131	0	0	54084	http://democea.ttdat.id.vn/css/admin.css?v2.2.37
4	4	0	1	0	28759029	28759029	0	28759029	28759029	0	53953	Mozilla/5.0 (compatible; InternetMeasurement/1.0; +https://internet-measurement.com/)
4	14	0	4	2	28758150	28758150	28758022	28758024	28758150	28758022	468869	Mozilla/5.0 (Windows NT 10.0; Win64; x64) AppleWebKit/537.36 (KHTML, like Gecko) Chrome/128.0.0.0 Safari/537.36
4	1	0	1	0	28759897	28759897	0	28759897	28759897	0	1772	Mozilla/5.0 (Windows NT 10.0; Win64; x64) AppleWebKit/537.36 (KHTML, like Gecko) Chrome/63.0.3239.108 Safari/537.36
4	5	0	0	0	28758129	0	0	28758129	0	0	435	Mozilla/5.0 (compatible; Let's Encrypt validation server; +https://www.letsencrypt.org)
4	0	0	0	4	0	0	28767925	0	0	28761550	0	Mozilla/5.0 (X11; Linux x86_64) AppleWebKit/537.36 (KHTML, like Gecko) Chrome/81.0.4044.129 Safari/537.36
4	8	0	4	0	28772756	28772756	0	28761202	28761202	0	18238	Mozilla/5.0 (Windows NT 10.0; Win64; x64) AppleWebKit/537.36 (KHTML, like Gecko) Chrome/126.0.0.0 Safari/537.36
4	0	0	0	1	0	0	28758130	0	0	28758130	0	Mozilla/5.0 (l9scan/2.0.33e27393e2431313e2838313; +https://leakix.net)
4	5	0	1	0	28758131	28758131	0	28758131	28758131	0	326742	Mozilla/5.0 (Windows NT 10.0; Win64; x64) AppleWebKit/537.36 (KHTML, like Gecko) Chrome/79.0.3945.79 Safari/537.36
4	0	0	1	0	0	28766195	0	0	28766195	0	0	Mozilla/5.0 (Linux; Android 8.0.0; SM-J737A) AppleWebKit/537.36 (KHTML, like Gecko) Chrome/75.0.3770.143 Mobile Safari/537.36
4	3	0	1	0	28759685	28758643	0	28759683	28758643	0	5517	Mozilla/5.0 (iPhone; CPU iPhone OS 17_4_1 like Mac OS X) AppleWebKit/605.1.15 (KHTML, like Gecko) Version/17.4.1 Mobile/15E148 Safari/604.1
4	0	0	0	2	0	0	28758738	0	0	28758738	0	Apache/2.4.34 (Ubuntu) OpenSSL/1.1.1 (internal dummy connection)
4	1	0	1	0	28758131	28758131	0	28758131	28758131	0	1772	Mozilla/5.0 (Windows NT 6.2; Win64; x64; rv:16.0.1) Gecko/20121011 Firefox/21.0.1
4	2	0	1	0	28758267	28758250	0	28758250	28758250	0	3545	Mozilla/5.0 (iPhone; CPU iPhone OS 14_4 like Mac OS X) AppleWebKit/605.1.15 (KHTML, like Gecko) Version/15.4 Mobile/15E148 Safari/604.1
4	1	0	1	0	28758131	28758131	0	28758131	28758131	0	1773	Mozilla/5.0 (compatible; archive.org_bot +http://archive.org/details/archive.org_bot) Zeno/5aed272 warc/v0.8.43
4	7	0	1	0	28758266	28758250	0	28758250	28758250	0	661134	Mozilla/5.0 (Macintosh; Intel Mac OS X 10_15_7) AppleWebKit/537.36 (KHTML, like Gecko) Chrome/113.0.0.0 Safari/537.36
4	4	0	1	0	28759472	28759472	0	28759472	28759472	0	53949	Mozilla/5.0 (compatible; CensysInspect/1.1; +https://about.censys.io/)
4	1	0	1	0	28758650	28758643	0	28758650	28758643	0	0	Mozilla/5.0 (iPhone; CPU iPhone OS 17_3_1 like Mac OS X) AppleWebKit/605.1.15 (KHTML, like Gecko) Version/17.3.1 Mobile/15E148 Safari/604.1
4	0	0	1	0	0	28758648	0	0	28758648	0	0	Mozilla/5.0 (iPhone; CPU iPhone OS 17_2_1 like Mac OS X) AppleWebKit/605.1.15 (KHTML, like Gecko) Version/17.2 Mobile/15E148 Safari/604.1
4	0	0	1	0	0	28758129	0	0	28758129	0	0	Mozilla/5.0 (Linux; Android 6.0; HTC One M9 Build/MRA615981) AppleWebKit/537.36 (KHTML, like Gecko) Chrome/52.0.3161.98 Mobile Safari/537.3
4	3	0	1	0	28759685	28758643	0	28759683	28758643	0	5520	Mozilla/5.0 (Windows NT 10.0; Win64; x64) AppleWebKit/537.36 (KHTML, like Gecko) Chrome/119.0.0.0 Safari/537.36 Edg/119.0.0.0
4	0	0	2	0	0	28758129	0	0	28758129	0	0	Mozilla/5.0 (Linux; Android 6.0; HTC One M9 Build/MRA58K) AppleWebKit/537.36 (KHTML, like Gecko) Chrome/52.0.2743.98 Mobile Safari/537.3
4	3	0	0	0	28759685	0	0	28759683	0	0	5518	Mozilla/5.0 (iPhone; CPU iPhone OS 17_5_1 like Mac OS X) AppleWebKit/605.1.15 (KHTML, like Gecko) Version/17.5 Mobile/15E148 Safari/604.1
4	0	0	1	14	0	28758130	28758130	0	28758130	28758129	0	Go-http-client/1.1
4	6	0	1	0	28758131	28758131	0	28758131	28758131	0	659361	Mozilla/5.0 (X11; Linux x86_64) AppleWebKit/537.36 (KHTML, like Gecko) HeadlessChrome/92.0.4515.159 Safari/537.36
4	104	0	0	0	28776480	0	0	28758116	0	0	6656	Cpanel-HTTP-Client/1.0
4	6	0	3	54	28759061	28759061	28759061	28759061	28759061	28759061	10640	Mozilla/5.0 (Windows NT 10.0; Win64; x64) AppleWebKit/537.36 (KHTML, like Gecko) Chrome/78.0.3904.108 Safari/537.36
4	2	0	1	0	28758131	28758131	0	28758131	28758131	0	334398	Mozilla/5.0 (Windows NT 6.1; Win64; x64) AppleWebKit/537.36 (KHTML, like Gecko) Chrome/83.0.4103.61 Safari/537.36
4	1	0	1	0	28758140	28758140	0	28758140	28758140	0	1772	Mozilla/5.0 (Windows NT 10.0; Win64; x64) AppleWebKit/537.36 (KHTML, like Gecko) Chrome/117.0.5938.132 Safari/537.36
4	0	0	2	0	0	28760617	0	0	28760617	0	0	curl/7.61.1
5	2	0	2	0	28758150	28758150	0	28758150	28758150	0	3547	192.175.111.248
5	1	0	0	0	28758129	0	0	28758129	0	0	87	2600:1f14:804:fd01:3bf0:8897:e282:f565
5	3	0	0	0	28759685	0	0	28759683	0	0	5520	15.160.92.187
5	1	0	0	0	28759029	0	0	28759029	0	0	957	87.236.176.44
5	2	0	1	0	28761202	28761202	0	28761202	28761202	0	4563	144.126.201.9
5	4	0	2	0	28759685	28758648	0	28758650	28758643	0	5517	2400:6180:0:d0::284:c001
5	1	0	0	0	28759029	0	0	28759029	0	0	48433	87.236.176.121
5	1	0	0	0	28758150	0	0	28758150	0	0	48433	192.175.111.241
5	1	0	0	0	28759029	0	0	28759029	0	0	2786	87.236.176.120
5	1	0	1	0	28758150	28758150	0	28758150	28758150	0	1774	192.175.111.240
5	1	0	1	0	28758150	28758150	0	28758150	28758150	0	1771	192.175.111.239
5	0	0	2	0	0	28758129	0	0	28758129	0	0	2604:a880:cad:d0::d44:6001
5	1	0	1	0	28758131	28758131	0	28758131	28758131	0	1772	35.223.177.106
5	1	0	1	0	28758140	28758140	0	28758140	28758140	0	1772	205.169.39.23
5	6	0	0	2	28758024	0	28758022	28758024	0	28758022	409601	116.100.123.108
5	1	0	0	0	28758150	0	0	28758150	0	0	0	192.175.111.228
5	1	0	0	0	28758129	0	0	28758129	0	0	87	2600:3000:1511:200::89
5	1	0	1	0	28759897	28759897	0	28759897	28759897	0	1772	183.129.153.157
5	1	0	0	0	28758131	0	0	28758131	0	0	252435	34.122.147.229
5	1	0	1	0	28759472	28759472	0	28759472	28759472	0	1773	167.94.146.50
5	2	0	1	0	28769930	28769930	0	28769930	28769930	0	4558	147.182.156.247
5	0	0	2	0	0	28760617	0	0	28760617	0	0	104.152.52.66
5	1	0	1	0	28758131	28758131	0	28758131	28758131	0	1773	207.241.236.83
5	0	0	1	0	0	28758643	0	0	28758643	0	0	176.102.65.28
5	0	0	2	0	0	28758129	0	0	28758129	0	0	2600:3c04::f03c:94ff:fe64:a743
5	1	0	0	0	28758150	0	0	28758150	0	0	957	64.15.129.100
5	7	0	0	0	28758267	0	0	28758266	0	0	661134	34.222.58.19
5	7	0	2	0	28758131	28758131	0	28758131	28758131	0	661140	205.169.39.78
5	1	0	0	0	28758129	0	0	28758129	0	0	87	2a05:d016:39f:3102:3e5d:7029:1897:d73a
5	3	0	0	0	28759472	0	0	28759472	0	0	52176	2602:80d:1005::12
5	1	0	0	0	28758131	0	0	28758131	0	0	332621	104.197.69.115
5	1	0	1	0	28759029	28759029	0	28759029	28759029	0	1777	87.236.176.75
5	1	0	0	0	28758129	0	0	28758129	0	0	87	2600:1f16:269:da00:d664:ded2:8660:9317
5	0	0	1	0	0	28758643	0	0	28758643	0	0	172.111.197.5
5	4	0	1	0	28758131	28758131	0	28758131	28758131	0	74305	34.123.170.104
5	1	0	0	0	28758129	0	0	28758129	0	0	87	2406:da18:85:1401:44e8:39ae:f06e:2fce
5	0	0	0	4	0	0	28767925	0	0	28761550	0	141.11.89.158
5	0	0	1	0	0	28766195	0	0	28766195	0	0	3.16.50.169
5	2	0	1	0	28764168	28764168	0	28764168	28764168	0	4557	188.166.9.179
5	0	0	0	2	0	0	28758738	0	0	28758738	0	157.245.152.34
5	3	0	0	0	28759685	0	0	28759683	0	0	5518	103.9.79.190
5	0	0	3	15	0	28758130	28758130	0	28758129	28758129	0	146.190.242.161
5	2	0	1	0	28772756	28772756	0	28772756	28772756	0	4560	164.90.199.58
5	1	0	0	0	28758150	0	0	28758150	0	0	2786	192.175.111.254
5	104	0	0	0	28776480	0	0	28758116	0	0	6656	202.92.4.57
5	2	0	2	0	28758250	28758250	0	28758250	28758250	0	3545	34.221.49.51
5	6	0	3	54	28759061	28759061	28759061	28759061	28759061	28759061	10640	152.42.252.250
z	0	2	0	28758650	0
z	2	109	0	28776480	7091
z	3	6	0	28759685	5742
z	4	46	0	28772756	89897
z	5	11	0	28759472	431155
z	6	7	0	28758266	2087679
c	200	181	28776480
c	302	36	28772756
c	403	7	28767925
c	404	70	28759061
